2,12,9
4,12,2
6,3,2
8,9,7
10,14,7
12,19,7
14,20,1
16,15,6
18,14,5
20,17,2
22,14,8
24,15,4
26,4,3
28,13,7
30,11,8
32,17,9
34,9,5
36,6,1
38,10,9
40,18,7
42,12,5
44,12,6
46,19,6
48,18,8
50,10,2
52,6,9
54,13,2
56,18,4
58,13,3
60,4,3
62,12,1
64,13,7
66,6,2
68,6,8
70,9,8
72,1,8
74,13,7
76,2,6
78,10,7
80,19,2
82,12,9
84,1,7
86,1,5
88,13,5
90,19,7
92,11,2
94,18,4
96,13,2
98,20,2
100,4,7
102,11,8
104,15,1
106,5,3
108,15,5
110,10,7
112,6,3
114,2,1
116,12,6
118,18,4
120,12,5
122,17,6
124,2,5
126,17,4
128,11,8
130,3,5
132,19,7
134,9,3
136,19,4
138,5,5
140,17,7
142,8,6
144,16,3
146,3,7
148,10,4
150,10,2
152,18,1
154,2,6
156,2,7
158,9,2
160,21,2
162,6,9
164,9,4
166,6,4
168,11,3
170,2,7
172,4,8
174,9,5
176,11,1
178,10,4
180,1,2
182,13,7
184,12,7
186,16,7
188,1,4
190,6,9
192,21,9
194,4,4
196,14,1
198,10,4
200,20,1
202,14,6
204,6,4
206,16,2
208,12,9
210,2,7
212,5,7
214,6,6
216,18,6
218,4,2
220,4,4
222,1,3
224,5,6
226,5,8
228,5,5
230,7,1
232,12,6
234,1,7
236,15,7
238,20,4
240,18,2
242,20,2
244,8,6
246,13,5
248,5,8
250,14,8
252,3,5
254,1,9
256,9,6
258,8,9
260,15,3
262,7,2
264,21,3
266,21,7
268,9,5
270,2,5
272,13,6
274,16,7
276,18,1
278,9,5
280,18,4
282,17,6
284,11,9
286,18,2
288,10,6
290,13,9
292,12,1
294,17,4
296,1,1
298,7,6
300,3,7
302,12,7
304,6,6
306,4,9
308,19,9
310,12,9
312,11,7
314,6,5
316,12,7
318,3,9
320,2,2
322,21,2
324,8,6
326,6,1
328,4,1
330,21,4
332,16,1
334,9,2
336,11,3
338,2,4
340,15,6
342,3,3
344,9,9
346,13,5
348,17,1
350,2,4
352,13,6
354,20,1
356,3,9
358,5,5
360,7,2
362,12,9
364,6,5
366,21,9
368,20,1
370,14,8
372,3,8
374,15,8
376,14,8
378,17,9
380,13,3
382,11,9
384,16,3
386,21,2
388,18,5
390,21,2
392,9,1
394,8,2
396,19,8
398,21,2
400,18,6
402,16,1
404,4,9
406,9,1
408,3,3
410,14,5
412,5,5
414,11,1
416,10,7
418,13,6
420,15,1
422,17,7
424,14,7
426,13,6
428,17,9
430,10,5
432,21,6
434,18,9
436,2,3
438,1,9
440,6,4
442,8,9
444,3,9
446,12,2
448,4,7
450,21,1
452,19,2
454,16,9
456,11,8
458,6,2
460,16,9
462,6,7
464,13,7
466,17,8
468,1,4
470,9,5
472,19,2
474,6,3
476,13,7
478,4,7
480,20,4
482,13,6
484,13,1
486,4,8
488,12,9
490,17,6
492,13,7
494,7,9
496,9,6
498,3,4
500,15,3
502,17,2
504,10,1
506,11,9
508,4,5
510,2,3
512,19,2
514,11,7
516,9,8
518,13,8
520,18,1
522,19,7
524,12,6
526,5,2
528,16,2
530,14,8
532,4,4
534,8,1
536,6,8
538,8,2
540,13,6
542,9,6
544,16,4
546,15,1
548,3,5
550,16,7
552,2,2
554,4,4
556,21,9
558,11,5
560,12,8
562,12,2
564,14,2
566,5,2
568,15,6
570,18,6
572,3,4
574,21,5
576,5,7
578,19,2
580,5,7
582,13,7
584,19,1
586,2,7
588,20,4
590,3,5
592,13,6
594,2,1
596,2,2
598,19,1
600,4,8
602,14,1
604,4,6
606,15,1
608,4,4
610,11,5
612,17,8
614,14,4
616,10,6
618,21,2
620,18,4
622,10,7
624,15,6
626,17,7
628,10,2
630,15,7
632,17,5
634,5,6
636,13,7
638,11,7
640,6,9
642,19,7
644,18,5
646,11,4
648,1,8
650,9,8
652,18,3
654,17,2
656,5,7
658,10,3
660,17,9
662,13,8
664,4,5
666,15,4
668,13,5
670,13,7
672,3,7
674,18,9
676,6,1
678,6,6
680,4,2
682,20,2
684,1,2
686,11,4
688,20,7
690,16,5
692,18,5
694,16,6
696,13,9
698,4,4
700,17,2
702,14,5
704,18,9
706,13,1
708,18,3
710,13,2
712,6,6
714,13,2
716,15,5
718,14,3
720,19,5
722,12,2
724,12,3
726,13,1
728,13,6
730,10,7
732,15,8
734,3,5
736,17,7
738,12,2
740,2,5
742,3,3
744,12,8
746,2,1
748,20,2
750,19,7
752,7,1
754,12,7
756,12,9
758,16,2
760,2,7
762,17,6
764,11,5
766,3,6
768,1,6
770,14,1
772,5,9
774,6,1
776,11,9
778,12,6
780,9,8
782,19,4
784,14,9
786,20,5
788,3,9
790,9,3
792,13,9
794,5,3
796,10,3
798,19,1
800,10,5
802,2,9
804,15,1
806,9,8
808,3,3
810,21,1
812,6,6
814,6,5
816,13,7
818,10,9
820,4,6
822,17,7
824,11,4
826,21,9
828,17,1
830,14,9
832,7,7
834,5,8
836,9,1
838,3,9
840,12,3
842,6,2
844,3,2
846,4,7
848,14,3
850,3,5
852,14,7
854,11,7
856,17,6
858,12,5
860,12,1
862,15,7
864,19,7
866,12,1
868,15,3
870,14,9
872,3,3
874,6,3
876,13,2
878,12,8
880,14,2
882,10,9
884,10,2
886,10,2
888,20,5
890,11,9
892,10,5
894,9,2
896,10,1
898,10,1
900,12,6
902,5,7
904,12,1
906,15,1
908,11,1
910,11,1
912,5,5
914,13,7
916,11,8
918,3,1
920,21,5
922,20,5
924,14,4
926,19,1
928,18,6
930,20,7
932,19,4
934,17,4
936,7,8
938,2,6
940,18,8
942,12,9
944,15,9
946,12,2
948,6,1
950,18,8
952,14,8
954,17,2
956,9,9
958,3,6
960,5,9
962,2,6
964,18,1
966,6,6
968,6,5
970,14,3
972,20,3
974,15,6
976,20,7
978,11,5
980,21,9
982,2,4
984,2,3
986,18,8
988,19,4
990,7,9
992,13,5
994,2,6
996,1,6
998,9,6
1000,11,1
1002,15,6
1004,15,3
1006,8,5
1008,7,2
1010,11,5
1012,12,9
1014,9,5
1016,5,9
1018,14,7
1020,10,9
1022,15,5
1024,1,2
1026,21,9
1028,11,2
1030,13,2
1032,4,8
1034,7,4
1036,15,7
1038,15,2
1040,6,8
1042,4,4
1044,17,3
1046,18,2
1048,13,4
1050,15,3
1052,9,6
1054,17,9
1056,15,6
1058,14,8
1060,13,5
1062,5,9
1064,15,3
1066,19,4
1068,11,8
1070,2,3
1072,19,6
1074,15,7
1076,6,9
1078,2,9
1080,7,8
1082,8,9
1084,12,3
1086,6,7
1088,11,3
1090,2,7
1092,8,3
1094,5,8
1096,21,1
1098,12,4
1100,10,5
1102,5,2
1104,18,3
1106,16,7
1108,17,8
1110,9,4
1112,5,6
1114,12,5
1116,21,7
1118,17,3
1120,16,7
1122,20,5
1124,16,6
1126,7,2
1128,4,3
1130,10,3
1132,11,8
1134,2,5
1136,8,9
1138,16,1
1140,12,7
1142,12,5
1144,19,1
1146,18,7
1148,14,9
1150,10,3
1152,3,8
1154,17,9
1156,10,3
1158,2,4
1160,12,1
1162,8,2
1164,6,7
1166,15,4
1168,4,3
1170,20,8
1172,7,9
1174,19,5
1176,18,5
1178,17,2
1180,16,8
1182,10,8
1184,16,9
1186,13,5
1188,9,8
1190,19,8
1192,16,3
1194,18,8
1196,12,9
1198,12,1
1200,5,2
1202,10,5
1204,13,8
1206,1,5
1208,9,6
1210,19,1
1212,15,8
1214,14,8
1216,11,3
1218,5,3
1220,8,6
1222,15,8
1224,2,9
1226,21,1
1228,21,9
1230,13,3
1232,20,1
1234,6,2
1236,21,6
1238,17,2
1240,11,3
1242,4,9
1244,6,2
1246,8,5
1248,17,3
1250,6,7
1252,7,5
1254,21,2
1256,21,1
1258,9,3
1260,15,9
1262,1,1
1264,3,4
1266,10,7
1268,16,4
1270,1,8
1272,2,7
1274,5,6
1276,3,1
1278,5,3
1280,3,3
1282,10,3
1284,5,7
1286,21,7
1288,4,8
1290,12,2
1292,17,3
1294,14,7
1296,17,6
1298,10,2
1300,17,6
1302,4,3
1304,17,8
1306,15,9
1308,18,6
1310,18,9
1312,11,2
1314,7,2
1316,11,8
1318,8,2
1320,18,1
1322,17,4
1324,18,2
1326,13,7
1328,19,6
1330,14,5
1332,6,1
1334,15,2
1336,10,5
1338,16,5
1340,21,2
1342,5,2
1344,7,3
1346,4,5
1348,10,2
1350,2,5
1352,8,2
1354,15,9
1356,12,2
1358,15,2
1360,18,5
1362,3,1
1364,16,3
1366,7,6
1368,3,9
1370,14,1
1372,8,5
1374,6,3
1376,14,8
1378,13,6
1380,14,4
1382,2,4
1384,12,3
1386,19,8
1388,15,3
1390,13,6
1392,14,3
1394,18,3
1396,4,3
1398,15,5
1400,6,9
1402,5,9
1404,2,1
1406,8,5
1408,4,7
1410,10,2
1412,11,1
1414,10,8
1416,18,2
1418,20,3
1420,18,6
1422,17,8
1424,10,5
1426,15,4
1428,7,9
1430,4,8
1432,1,9
1434,6,8
1436,6,2
1438,2,2
1440,11,3
1442,8,2
1444,9,1
1446,13,6
1448,5,9
1450,13,5
1452,7,7
1454,10,9
1456,15,3
1458,2,8
1460,12,9
1462,20,9
1464,5,7
1466,20,7
1468,10,7
1470,3,1
1472,12,2
1474,2,6
1476,18,9
1478,20,8
1480,16,4
1482,21,8
1484,20,2
1486,5,9
1488,14,9
1490,20,1
1492,20,1
1494,21,3
1496,12,7
1498,14,4
1500,21,4
1502,5,1
1504,2,2
1506,1,7
1508,12,5
1510,11,9
1512,5,5
1514,15,3
1516,12,4
1518,17,7
1520,10,1
1522,18,5
1524,16,1
1526,12,9
1528,7,7
1530,11,3
1532,9,3
1534,21,4
1536,6,2
1538,13,2
1540,3,4
1542,6,8
1544,10,2
1546,15,9
1548,14,2
1550,15,5
1552,16,5
1554,1,1
1556,2,2
1558,17,9
1560,21,5
1562,10,7
1564,16,4
1566,10,4
1568,18,7
1570,19,4
1572,18,8
1574,16,7
1576,1,4
1578,11,2
1580,15,7
1582,13,7
1584,20,8
1586,10,8
1588,20,3
1590,12,2
1592,20,5
1594,2,1
1596,21,8
1598,5,1
1600,20,1
1602,8,8
1604,11,6
1606,15,7
1608,1,5
1610,20,6
1612,11,5
1614,8,3
1616,13,3
1618,18,4
1620,13,9
1622,6,7
1624,14,6
1626,9,8
1628,5,5
1630,15,3
1632,13,9
1634,7,5
1636,9,8
1638,12,1
1640,12,3
1642,17,8
1644,3,7
1646,5,6
1648,16,4
1650,20,6
1652,7,7
1654,7,3
1656,14,1
1658,14,3
1660,6,3
1662,6,2
1664,7,1
1666,18,6
1668,16,2
1670,8,1
1672,13,3
1674,18,3
1676,8,5
1678,11,3
1680,15,1
1682,6,6
1684,14,7
1686,6,1
1688,20,7
1690,16,2
1692,20,4
1694,20,3
1696,10,7
1698,17,2
1700,4,1
1702,8,3
1704,6,2
1706,15,2
1708,20,3
1710,15,2
1712,11,9
1714,14,6
1716,3,4
1718,14,2
1720,2,9
1722,1,9
1724,12,8
1726,2,8
1728,16,4
1730,14,5
1732,16,2
1734,17,9
1736,11,2
1738,19,4
1740,12,7
1742,12,1
1744,13,9
1746,20,2
1748,19,3
1750,7,6
1752,13,1
1754,11,4
1756,19,5
1758,14,3
1760,1,6
1762,15,5
1764,13,5
1766,21,8
1768,19,8
1770,2,7
1772,5,5
1774,2,7
1776,18,1
1778,8,5
1780,11,2
1782,2,9
1784,2,7
1786,15,2
1788,3,1
1790,19,5
1792,4,5
1794,11,5
1796,15,4
1798,13,1
1800,10,6
1802,13,3
1804,6,8
1806,17,1
1808,19,1
1810,4,9
1812,6,5
1814,1,3
1816,13,5
1818,7,5
1820,15,7
1822,14,4
1824,10,9
1826,11,2
1828,15,9
1830,2,3
1832,4,4
1834,3,1
1836,10,4
1838,13,4
1840,17,5
1842,2,7
1844,3,5
1846,11,1
1848,18,4
1850,12,9
1852,20,5
1854,13,1
1856,5,7
1858,14,4
1860,8,9
1862,10,8
1864,15,2
1866,15,6
1868,8,7
1870,17,9
1872,11,6
1874,15,6
1876,8,4
1878,4,2
1880,4,9
1882,19,5
1884,3,6
1886,20,9
1888,17,1
1890,5,3
1892,13,1
1894,19,7
1896,19,3
1898,4,6
1900,12,8
1902,12,5
1904,2,7
1906,13,2
1908,4,8
1910,12,4
1912,3,2
1914,14,7
1916,20,8
1918,18,3
1920,11,6
1922,8,6
1924,7,6
1926,12,8
1928,13,8
1930,19,5
1932,14,1
1934,14,7
1936,12,2
1938,13,2
1940,3,3
1942,3,7
1944,20,8
1946,6,2
1948,16,9
1950,1,3
1952,19,4
1954,7,7
1956,12,5
1958,20,3
1960,15,4
1962,17,3
1964,17,4
1966,5,3
1968,16,2
1970,10,9
1972,14,2
1974,12,6
1976,11,4
1978,6,7
1980,20,3
1982,7,4
1984,17,7
1986,20,1
1988,21,8
1990,16,3
1992,13,8
1994,7,5
1996,11,2
1998,4,9
2000,9,6
2002,4,3
2004,12,5
2006,14,1
2008,15,9
2010,10,8
2012,10,2
2014,8,8
2016,19,1
2018,21,7
2020,12,2
2022,12,7
2024,6,7
2026,19,2
2028,13,1
2030,19,4
2032,13,6
2034,13,4
2036,1,6
2038,1,6
2040,5,3
2042,21,7
2044,15,3
2046,7,3
2048,4,9
2050,10,2
2052,2,5
2054,18,9
2056,13,8
2058,17,2
2060,14,7
2062,12,8
2064,21,5
2066,11,5
2068,14,6
2070,19,3
2072,4,2
2074,20,1
2076,10,5
2078,4,3
2080,15,5
2082,13,8
2084,4,9
2086,3,4
2088,11,5
2090,20,3
2092,9,2
2094,13,3
2096,14,5
2098,12,5
2100,16,6
2102,9,4
2104,13,8
2106,17,8
2108,18,3
2110,6,1
2112,19,4
2114,12,4
2116,16,6
2118,19,2
2120,14,4
2122,4,7
2124,10,5
2126,10,9
2128,7,2
2130,16,8
2132,8,9
2134,15,4
2136,8,5
2138,15,5
2140,16,7
2142,7,7
2144,18,6
2146,15,6
2148,12,2
2150,18,1
2152,5,5
2154,21,7
2156,14,5
2158,2,7
2160,4,3
2162,1,2
2164,14,7
2166,21,4
2168,10,1
2170,20,9
2172,13,7
2174,4,9
2176,11,1
2178,17,5
2180,18,9
2182,13,1
2184,18,4
2186,21,3
2188,2,3
2190,5,7
2192,19,7
2194,5,3
2196,13,8
2198,20,5
2200,3,3
2202,12,1
2204,20,7
2206,14,3
2208,9,1
2210,17,9
2212,11,3
2214,15,1
2216,2,7
2218,12,2
2220,8,1
2222,6,5
2224,7,6
2226,20,4
2228,19,9
2230,4,8
2232,4,1
2234,13,9
2236,10,6
2238,4,1
2240,21,7
2242,1,9
2244,17,2
2246,5,8
2248,18,8
2250,16,1
2252,15,7
2254,2,6
2256,18,7
2258,5,1
2260,6,5
2262,18,8
2264,17,7
2266,5,1
2268,2,5
2270,10,7
2272,10,8
2274,17,9
2276,11,8
2278,1,1
2280,20,7
2282,6,9
2284,19,4
2286,14,7
2288,15,1
2290,20,6
2292,17,4
2294,13,8
2296,13,1
2298,19,1
2300,6,3
2302,1,6
2304,18,7
2306,11,7
2308,7,2
2310,12,8
2312,21,7
2314,2,1
2316,9,9
2318,1,1
2320,11,5
2322,5,8
2324,17,4
2326,6,6
2328,10,8
2330,8,9
2332,10,5
2334,10,8
2336,20,4
2338,6,4
2340,1,7
2342,5,7
2344,14,4
2346,19,1
2348,2,6
2350,12,9
2352,9,9
2354,6,9
2356,4,2
2358,4,6
2360,10,5
2362,20,6
2364,20,9
2366,21,7
2368,15,8
2370,4,3
2372,10,4
2374,10,7
2376,21,8
2378,5,4
2380,6,7
2382,1,1
2384,3,5
2386,6,8
2388,3,1
2390,17,5
2392,4,2
2394,15,1
2396,20,8
2398,20,4
2400,5,1
2402,18,4
2404,14,5
2406,10,8
2408,11,9
2410,11,1
2412,3,3
2414,7,3
2416,6,5
2418,1,2
2420,18,5
2422,14,3
2424,17,2
2426,15,3
2428,8,4
2430,12,1
2432,12,3
2434,21,1
2436,8,2
2438,10,4
2440,4,3
2442,6,5
2444,16,9
2446,5,7
2448,21,1
2450,10,2
2452,18,1
2454,11,2
2456,18,2
2458,12,6
2460,13,7
2462,3,5
2464,1,5
2466,11,3
2468,10,8
2470,13,3
2472,18,9
2474,4,5
2476,10,8
2478,20,2
2480,11,3
2482,12,6
2484,4,9
2486,8,2
2488,17,1
2490,3,4
2492,12,4
2494,12,2
2496,16,6
2498,6,6
2500,10,1
2502,17,1
2504,3,3
2506,1,8
2508,3,1
2510,2,4
2512,20,9
2514,18,4
2516,16,8
2518,17,9
2520,10,5
2522,18,4
2524,5,4
2526,10,8
2528,8,9
2530,20,4
2532,2,9
2534,21,3
2536,19,7
2538,10,2
2540,6,3
2542,19,3
2544,11,6
2546,12,7
2548,4,4
2550,7,1
2552,21,7
2554,15,8
2556,14,6
2558,2,3
2560,7,4
2562,4,4
2564,6,2
2566,3,1
2568,8,9
2570,6,7
2572,13,5
2574,10,7
2576,2,6
2578,2,5
2580,15,2
2582,16,1
2584,5,6
2586,10,8
2588,12,8
2590,3,6
2592,15,2
2594,7,1
2596,20,5
2598,17,3
2600,9,6
2602,3,1
2604,9,9
2606,13,2
2608,8,1
2610,18,8
2612,12,4
2614,2,6
2616,15,4
2618,4,1
2620,8,9
2622,14,1
2624,11,5
2626,14,9
2628,19,6
2630,17,2
2632,10,4
2634,17,4
2636,16,9
2638,14,5
2640,13,2
2642,2,6
2644,16,9
2646,8,4
2648,19,9
2650,14,5
2652,18,8
2654,13,1
2656,21,7
2658,10,9
2660,10,9
2662,11,6
2664,13,5
2666,13,1
2668,7,3
2670,9,8
2672,12,6
2674,21,5
2676,17,8
2678,11,3
2680,9,1
2682,2,6
2684,7,1
2686,5,6
2688,17,3
2690,1,3
2692,12,4
2694,21,5
2696,9,7
2698,1,6
2700,20,3
2702,16,5
2704,18,4
2706,18,7
2708,14,3
2710,12,5
2712,21,6
2714,12,5
2716,4,4
2718,3,9
2720,15,6
2722,3,2
2724,14,2
2726,17,4
2728,6,3
2730,8,7
2732,8,7
2734,19,3
2736,12,2
2738,8,5
2740,8,4
2742,7,7
2744,8,1
2746,12,9
2748,17,2
2750,10,7
2752,12,8
2754,20,4
2756,15,2
2758,10,5
2760,2,9
2762,2,4
2764,15,2
2766,12,3
2768,15,8
2770,18,7
2772,10,2
2774,17,7
2776,20,8
2778,19,3
2780,12,9
2782,12,6
2784,3,2
2786,10,5
2788,17,9
2790,21,6
2792,8,5
2794,3,1
2796,10,3
2798,13,6
2800,20,7
2802,14,4
2804,18,1
2806,4,4
2808,20,3
2810,10,4
2812,7,6
2814,14,8
2816,7,2
2818,4,6
2820,6,9
2822,9,9
2824,5,3
2826,10,2
2828,4,9
2830,7,1
2832,13,3
2834,4,4
2836,15,9
2838,19,3
2840,20,6
2842,7,6
2844,13,8
2846,2,8
2848,18,2
2850,20,3
2852,13,2
2854,9,4
2856,9,6
2858,3,1
2860,4,9
2862,21,2
2864,16,2
2866,5,6
2868,20,5
2870,15,3
2872,6,5
2874,9,5
2876,1,2
2878,2,8
2880,14,1
2882,2,7
2884,20,7
2886,14,5
2888,17,2
2890,6,3
2892,13,5
2894,18,7
2896,13,7
2898,20,7
2900,1,3
2902,2,4
2904,19,5
2906,16,6
2908,15,1
2910,5,3
2912,16,6
2914,14,2
2916,16,7
2918,6,1
2920,4,8
2922,8,4
2924,17,6
2926,11,9
2928,15,7
2930,12,8
2932,5,9
2934,4,9
2936,10,2
2938,5,1
2940,11,6
2942,9,9
2944,14,8
2946,6,5
2948,18,9
2950,11,9
2952,8,4
2954,2,3
2956,8,7
2958,18,4
2960,12,9
2962,11,3
2964,8,4
2966,11,2
2968,13,5
2970,19,9
2972,12,1
2974,8,5
2976,18,5
2978,12,4
2980,10,9
2982,14,8
2984,3,7
2986,3,8
2988,3,2
2990,14,9
2992,13,4
2994,18,4
2996,21,5
2998,20,3
3000,15,5
3002,3,7
3004,8,4
3006,12,5
3008,15,1
3010,21,3
3012,18,6
3014,1,6
3016,14,5
3018,13,5
3020,16,4
3022,12,8
3024,13,9
3026,9,7
3028,11,2
3030,14,5
3032,4,3
3034,8,9
3036,17,6
3038,12,4
3040,5,3
3042,19,1
3044,20,9
3046,21,6
3048,8,8
3050,6,3
3052,8,2
3054,6,1
3056,12,7
3058,15,2
3060,21,4
3062,3,4
3064,6,9
3066,3,9
3068,19,8
3070,2,3
3072,12,4
3074,11,9
3076,4,8
3078,1,3
3080,9,7
3082,1,1
3084,10,4
3086,16,3
3088,3,3
3090,16,6
3092,21,6
3094,16,4
3096,7,4
3098,16,1
3100,5,4
3102,12,8
3104,8,4
3106,12,8
3108,8,1
3110,8,5
3112,13,7
3114,21,3
3116,11,1
3118,15,4
3120,11,5
3122,10,2
3124,18,3
3126,10,6
3128,2,5
3130,14,5
3132,9,4
3134,9,3
3136,12,5
3138,10,3
3140,18,6
3142,3,6
3144,5,9
3146,10,6
3148,11,8
3150,14,7
3152,21,1
3154,21,7
3156,2,7
3158,14,3
3160,15,3
3162,8,3
3164,21,6
3166,1,4
3168,20,6
3170,10,1
3172,9,2
3174,5,2
3176,12,4
3178,20,1
3180,13,5
3182,21,9
3184,19,5
3186,19,7
3188,10,8
3190,15,2
3192,15,7
3194,11,3
3196,11,9
3198,10,9
3200,8,6
3202,11,6
3204,12,9
3206,11,2
3208,3,3
3210,15,9
3212,7,5
3214,3,5
3216,7,8
3218,14,7
3220,17,7
3222,9,3
3224,11,3
3226,1,5
3228,17,8
3230,16,4
3232,19,3
3234,13,1
3236,14,8
3238,6,8
3240,10,1
3242,15,8
3244,15,6
3246,20,1
3248,8,2
3250,12,3
3252,3,8
3254,18,9
3256,19,4
3258,20,2
3260,15,4
3262,3,5
3264,14,9
3266,19,2
3268,3,3
3270,5,9
3272,15,9
3274,9,8
3276,12,8
3278,14,5
3280,17,5
3282,12,3
3284,16,4
3286,20,1
3288,4,3
3290,12,6
3292,5,2
3294,19,5
3296,12,9
3298,2,3
3300,17,5
3302,4,1
3304,14,8
3306,16,5
3308,21,5
3310,12,5
3312,3,1
3314,5,8
3316,5,2
3318,10,4
3320,4,4
3322,20,5
3324,14,3
3326,17,8
3328,16,8
3330,11,2
3332,13,1
3334,21,2
3336,17,5
3338,14,4
3340,5,5
3342,12,6
3344,11,7
3346,7,4
3348,15,7
3350,17,7
3352,4,1
3354,3,8
3356,4,2
3358,14,1
3360,5,8
3362,14,9
3364,4,9
3366,14,9
3368,10,8
3370,12,1
3372,15,2
3374,15,4
3376,11,2
3378,18,1
3380,13,3
3382,13,4
3384,2,4
3386,15,9
3388,21,3
3390,8,4
3392,4,6
3394,14,8
3396,21,9
3398,1,9
3400,3,3
3402,7,8
3404,13,8
3406,5,9
3408,19,2
3410,17,8
3412,7,7
3414,15,4
3416,6,4
3418,4,2
3420,14,9
3422,13,9
3424,16,8
3426,15,5
3428,20,7
3430,13,8
3432,17,7
3434,6,4
3436,17,2
3438,7,5
3440,20,4
3442,21,7
3444,19,5
3446,20,5
3448,18,6
3450,11,4
3452,18,3
3454,8,1
3456,15,9
3458,12,7
3460,10,7
3462,16,6
3464,15,9
3466,12,4
3468,13,9
3470,18,4
3472,21,8
3474,6,1
3476,16,4
3478,16,9
3480,20,9
3482,18,3
3484,12,3
3486,7,3
3488,6,7
3490,18,2
3492,14,8
3494,7,3
3496,1,6
3498,15,4
3500,21,7
3502,5,3
3504,15,7
3506,5,1
3508,6,1
3510,10,7
3512,2,3
3514,19,1
3516,15,9
3518,10,4
3520,1,6
3522,4,6
3524,10,4
3526,4,1
3528,4,7
3530,6,9
3532,11,2
3534,13,9
3536,19,9
3538,18,8
3540,9,2
3542,14,3
3544,8,3
3546,5,7
3548,5,7
3550,16,9
3552,20,4
3554,4,3
3556,20,1
3558,12,3
3560,11,4
3562,9,6
3564,21,4
3566,17,2
3568,18,7
3570,16,8
3572,5,3
3574,21,4
3576,10,5
3578,6,8
3580,11,7
3582,19,2
3584,4,9
3586,15,9
3588,10,9
3590,20,4
3592,8,7
3594,10,4
3596,10,6
3598,1,9
3600,3,7
3602,8,6
3604,16,1
3606,15,6
3608,4,9
3610,17,7
3612,6,9
3614,9,5
3616,14,5
3618,19,5
3620,8,6
3622,20,6
3624,6,6
3626,9,2
3628,1,6
3630,11,9
3632,15,5
3634,5,3
3636,19,4
3638,13,7
3640,3,8
3642,21,8
3644,9,2
3646,20,2
3648,8,9
3650,20,1
3652,8,7
3654,4,1
3656,18,9
3658,19,3
3660,13,5
3662,6,3
3664,1,3
3666,21,2
3668,13,1
3670,18,2
3672,18,3
3674,3,4
3676,10,8
3678,13,7
3680,21,3
3682,5,9
3684,4,8
3686,2,6
3688,11,8
3690,1,2
3692,5,3
3694,12,5
3696,12,7
3698,7,9
3700,18,1
3702,13,1
3704,19,3
3706,12,8
3708,20,5
3710,15,8
3712,3,9
3714,3,7
3716,9,4
3718,11,3
3720,17,5
3722,16,5
3724,6,9
3726,21,6
3728,21,2
3730,3,9
3732,18,3
3734,3,9
3736,16,8
3738,20,2
3740,13,9
3742,21,3
3744,6,9
3746,1,8
3748,15,6
3750,13,2
3752,18,2
3754,14,6
3756,21,7
3758,16,5
3760,2,7
3762,14,4
3764,21,6
3766,18,5
3768,14,4
3770,3,4
3772,11,4
3774,10,4
3776,21,2
3778,1,7
3780,18,4
3782,20,2
3784,12,5
3786,20,9
3788,6,9
3790,5,2
3792,12,4
3794,10,9
3796,12,5
3798,19,4
3800,15,6
3802,7,1
3804,20,7
3806,2,9
3808,20,6
3810,15,8
3812,11,5
3814,6,4
3816,20,1
3818,1,5
3820,20,5
3822,4,9
3824,5,7
3826,1,4
3828,6,8
3830,17,8
3832,18,2
3834,15,3
3836,14,5
3838,13,8
3840,12,6
3842,15,5
3844,13,2
3846,10,6
3848,20,8
3850,3,7
3852,5,8
3854,3,3
3856,10,2
3858,12,5
3860,11,7
3862,7,7
3864,10,9
3866,10,2
3868,6,4
3870,16,1
3872,21,3
3874,8,7
3876,10,2
3878,6,2
3880,3,8
3882,20,1
3884,6,1
3886,10,3
3888,5,1
3890,13,9
3892,9,7
3894,19,3
3896,16,6
3898,10,7
3900,19,6
3902,5,8
3904,16,3
3906,10,2
3908,18,7
3910,3,2
3912,15,9
3914,8,3
3916,21,1
3918,12,2
3920,16,8
3922,6,9
3924,13,8
3926,11,3
3928,12,9
3930,4,4
3932,3,3
3934,15,3
3936,2,5
3938,12,3
3940,15,6
3942,14,3
3944,9,9
3946,21,7
3948,12,8
3950,5,5
3952,21,7
3954,9,4
3956,5,8
3958,12,2
3960,21,1
3962,12,1
3964,10,9
3966,18,2
3968,15,1
3970,3,4
3972,3,2
3974,15,5
3976,2,1
3978,4,5
3980,14,6
3982,8,8
3984,15,5
3986,12,3
3988,7,2
3990,6,9
3992,19,3
3994,13,1
3996,19,2
3998,5,6
4000,1,3
4002,10,7
4004,3,3
4006,21,2
4008,3,3
4010,5,2
4012,12,2
4014,16,2
4016,1,5
4018,15,9
4020,20,9
4022,3,5
4024,4,2
4026,9,8
4028,16,7
4030,15,5
4032,13,2
4034,17,4
4036,10,8
4038,16,4
4040,6,9
4042,18,1
4044,18,7
4046,16,1
4048,7,7
4050,2,2
4052,4,5
4054,4,9
4056,16,7
4058,15,3
4060,3,3
4062,1,3
4064,5,5
4066,11,6
4068,21,4
4070,10,1
4072,7,7
4074,9,8
4076,11,3
4078,19,4
4080,2,8
4082,1,3
4084,1,1
4086,4,3
4088,15,8
4090,3,9
4092,10,7
4094,11,4
4096,15,9
4098,12,4
4100,11,7
4102,4,7
4104,12,8
4106,12,9
4108,10,5
4110,18,2
4112,7,6
4114,10,5
4116,5,4
4118,13,5
4120,12,7
4122,12,2
4124,20,3
4126,10,4
4128,3,6
4130,15,6
4132,9,7
4134,20,3
4136,6,4
4138,4,6
4140,8,3
4142,5,3
4144,2,3
4146,2,6
4148,16,8
4150,12,8
4152,8,7
4154,2,4
4156,21,6
4158,7,8
4160,20,3
4162,14,3
4164,15,4
4166,12,6
4168,18,4
4170,16,9
4172,8,2
4174,17,1
4176,21,9
4178,8,8
4180,18,5
4182,7,9
4184,2,2
4186,13,2
4188,21,2
4190,15,6
4192,15,1
4194,13,3
4196,3,5
4198,18,7
4200,8,1
4202,16,3
4204,10,2
4206,18,7
4208,1,2
4210,2,4
4212,19,8
4214,19,5
4216,13,7
4218,11,6
4220,7,8
4222,3,3
4224,7,6
4226,6,2
4228,17,4
4230,10,9
4232,8,6
4234,18,7
4236,11,3
4238,15,4
4240,16,7
4242,21,7
4244,21,5
4246,8,4
4248,20,6
4250,10,7
4252,11,8
4254,16,1
4256,13,6
4258,8,9
4260,10,6
4262,8,3
4264,6,6
4266,12,7
4268,20,2
4270,13,6
4272,7,9
4274,8,6
4276,13,9
4278,20,6
4280,12,6
4282,11,1
4284,10,2
4286,6,6
4288,9,1
4290,11,9
4292,4,4
4294,14,5
4296,17,6
4298,12,9
4300,2,2
4302,6,4
4304,20,2
4306,13,9
4308,2,9
4310,18,7
4312,9,5
4314,2,7
4316,1,3
4318,3,8
4320,13,1
4322,21,9
4324,3,7
4326,10,1
4328,10,3
4330,3,8
4332,10,3
4334,7,7
4336,13,1
4338,16,8
4340,18,1
4342,19,1
4344,6,8
4346,3,7
4348,11,5
4350,20,2
4352,1,1
4354,12,5
4356,8,2
4358,21,7
4360,4,3
4362,4,1
4364,13,2
4366,9,2
4368,17,9
4370,18,5
4372,5,9
4374,9,3
4376,16,1
4378,13,1
4380,2,7
4382,20,8
4384,20,9
4386,12,6
4388,15,5
4390,18,7
4392,8,5
4394,3,1
4396,15,2
4398,3,6
4400,6,3
4402,15,3
4404,12,8
4406,7,9
4408,21,2
4410,10,2
4412,8,9
4414,10,4
4416,17,4
4418,15,6
4420,8,2
4422,19,5
4424,21,6
4426,11,2
4428,19,3
4430,4,3
4432,17,1
4434,10,1
4436,8,8
4438,2,3
4440,10,7
4442,4,6
4444,15,1
4446,15,4
4448,12,2
4450,13,3
4452,15,8
4454,19,7
4456,20,6
4458,6,6
4460,15,9
4462,5,4
4464,6,3
4466,6,8
4468,14,3
4470,3,5
4472,11,8
4474,7,5
4476,15,4
4478,6,1
4480,17,3
4482,21,9
4484,2,1
4486,16,9
4488,13,1
4490,4,4
4492,20,6
4494,2,9
4496,7,1
4498,16,1
4500,12,2
4502,8,3
4504,19,4
4506,13,1
4508,21,3
4510,1,4
4512,16,2
4514,16,6
4516,7,7
4518,21,4
4520,3,3
4522,9,5
4524,6,5
4526,14,3
4528,3,8
4530,15,7
4532,21,1
4534,17,1
4536,11,2
4538,7,2
4540,9,7
4542,20,1
4544,5,4
4546,5,8
4548,3,4
4550,4,6
4552,14,5
4554,10,7
4556,10,3
4558,20,1
4560,19,4
4562,14,9
4564,12,1
4566,11,8
4568,17,6
4570,8,4
4572,20,1
4574,10,2
4576,3,2
4578,4,9
4580,13,3
4582,19,2
4584,10,2
4586,13,6
4588,11,6
4590,16,9
4592,6,1
4594,3,4
4596,16,8
4598,2,8
4600,7,6
4602,3,5
4604,17,9
4606,1,6
4608,3,5
4610,7,9
4612,13,2
4614,2,4
4616,21,1
4618,3,7
4620,1,5
4622,8,6
4624,18,8
4626,1,8
4628,16,6
4630,19,9
4632,1,1
4634,15,5
4636,15,1
4638,17,9
4640,1,7
4642,11,7
4644,18,2
4646,12,2
4648,14,2
4650,11,8
4652,5,2
4654,8,5
4656,10,3
4658,21,5
4660,13,7
4662,6,6
4664,5,6
4666,15,4
4668,11,4
4670,10,8
4672,7,4
4674,4,2
4676,16,9
4678,2,3
4680,17,5
4682,6,3
4684,18,9
4686,14,7
4688,21,6
4690,12,2
4692,21,1
4694,16,5
4696,13,2
4698,18,9
4700,21,9
4702,10,9
4704,6,7
4706,5,6
4708,8,1
4710,16,3
4712,4,4
4714,15,3
4716,17,7
4718,5,3
4720,10,9
4722,5,9
4724,11,3
4726,10,4
4728,12,7
4730,10,6
4732,6,8
4734,16,9
4736,4,9
4738,18,8
4740,6,9
4742,3,4
4744,1,8
4746,6,6
4748,17,9
4750,17,6
4752,17,8
4754,10,4
4756,3,4
4758,15,2
4760,11,9
4762,20,7
4764,4,4
4766,4,2
4768,5,8
4770,16,9
4772,4,8
4774,2,9
4776,13,4
4778,4,8
4780,7,9
4782,10,2
4784,4,8
4786,4,5
4788,11,5
4790,4,2
4792,6,8
4794,18,6
4796,15,9
4798,12,2
4800,20,3
4802,5,1
4804,1,7
4806,4,2
4808,16,6
4810,17,1
4812,7,3
4814,6,6
4816,21,4
4818,17,1
4820,19,3
4822,18,9
4824,12,1
4826,11,3
4828,19,9
4830,1,4
4832,6,7
4834,18,6
4836,16,8
4838,19,3
4840,14,1
4842,2,4
4844,3,9
4846,9,8
4848,6,3
4850,18,4
4852,2,1
4854,1,4
4856,11,2
4858,4,1
4860,5,1
4862,13,4
4864,19,3
4866,9,5
4868,18,2
4870,21,6
4872,1,4
4874,17,6
4876,7,6
4878,17,6
4880,8,6
4882,18,4
4884,9,6
4886,17,4
4888,17,3
4890,12,5
4892,1,6
4894,20,8
4896,20,8
4898,2,3
4900,6,7
4902,14,9
4904,5,8
4906,9,3
4908,13,5
4910,21,1
4912,15,3
4914,16,9
4916,2,6
4918,21,1
4920,14,3
4922,12,8
4924,14,2
4926,3,3
4928,3,6
4930,17,3
4932,11,6
4934,3,2
4936,14,1
4938,5,8
4940,15,4
4942,3,6
4944,5,5
4946,15,1
4948,16,6
4950,16,5
4952,19,1
4954,20,1
4956,12,3
4958,15,5
4960,7,9
4962,17,8
4964,1,6
4966,20,1
4968,1,5
4970,15,3
4972,5,2
4974,9,7
4976,11,5
4978,13,2
4980,5,8
4982,5,3
4984,5,5
4986,9,7
4988,4,5
4990,19,8
4992,20,8
4994,20,1
4996,13,4
4998,4,9
5000,11,4
5002,13,5
5004,13,3
5006,7,2
5008,15,6
5010,1,5
5012,21,2
5014,6,1
5016,11,4
5018,18,5
5020,2,6
5022,19,1
5024,1,3
5026,1,4
5028,7,7
5030,6,3
5032,8,2
5034,10,2
5036,2,4
5038,10,4
5040,17,9
5042,14,3
5044,6,5
5046,12,4
5048,13,6
5050,5,4
5052,4,9
5054,13,7
5056,5,2
5058,14,3
5060,7,6
5062,12,2
5064,12,6
5066,15,8
5068,6,7
5070,12,8
5072,18,3
5074,14,7
5076,20,5
5078,17,2
5080,14,8
5082,17,6
5084,16,5
5086,4,6
5088,16,7
5090,6,6
5092,3,6
5094,17,3
5096,15,8
5098,15,5
5100,8,3
5102,4,2
5104,1,3
5106,15,8
5108,7,3
5110,19,6
5112,21,6
5114,10,9
5116,12,1
5118,17,6
5120,16,6
5122,5,8
5124,8,3
5126,2,9
5128,8,8
5130,19,9
5132,15,2
5134,6,5
5136,1,7
5138,11,9
5140,1,7
5142,14,2
5144,15,9
5146,12,8
5148,8,4
5150,10,9
5152,6,7
5154,14,1
5156,5,6
5158,16,5
5160,2,3
5162,18,7
5164,13,7
5166,13,1
5168,15,7
5170,7,1
5172,6,5
5174,17,9
5176,2,3
5178,1,2
5180,8,4
5182,11,5
5184,16,7
5186,16,6
5188,10,4
5190,19,7
5192,14,1
5194,11,3
5196,13,6
5198,12,2
5200,20,4
5202,3,7
5204,4,8
5206,6,2
5208,7,9
5210,1,9
5212,21,8
5214,12,5
5216,9,9
5218,5,9
5220,10,9
5222,10,6
5224,4,9
5226,15,2
5228,10,3
5230,1,1
5232,1,8
5234,16,8
5236,3,6
5238,19,3
5240,15,9
5242,7,6
5244,5,9
5246,10,9
5248,6,1
5250,3,9
5252,3,6
5254,11,7
5256,15,5
5258,5,9
5260,13,2
5262,16,4
5264,15,9
5266,11,4
5268,6,2
5270,14,2
5272,16,6
5274,1,4
5276,4,1
5278,16,8
5280,9,1
5282,18,8
5284,7,3
5286,11,7
5288,21,1
5290,18,6
5292,17,9
5294,4,9
5296,9,2
5298,17,9
5300,15,9
5302,4,9
5304,6,1
5306,9,3
5308,6,8
5310,15,1
5312,6,6
5314,16,3
5316,16,2
5318,4,6
5320,12,8
5322,9,5
5324,13,3
5326,13,5
5328,1,2
5330,17,6
5332,13,1
5334,19,1
5336,10,7
5338,10,6
5340,17,5
5342,21,5
5344,15,2
5346,12,5
5348,8,9
5350,11,9
5352,17,1
5354,11,2
5356,16,2
5358,8,3
5360,2,9
5362,11,7
5364,12,8
5366,18,5
5368,10,4
5370,4,5
5372,19,7
5374,1,8
5376,9,9
5378,11,2
5380,6,1
5382,16,9
5384,4,6
5386,9,5
5388,12,2
5390,4,2
5392,14,2
5394,1,8
5396,10,1
5398,7,1
5400,19,1
5402,19,2
5404,12,8
5406,8,4
5408,20,6
5410,6,7
5412,10,5
5414,11,7
5416,12,1
5418,10,2
5420,14,5
5422,6,2
5424,19,9
5426,15,1
5428,5,1
5430,19,6
5432,2,1
5434,21,4
5436,21,1
5438,5,9
5440,11,7
5442,17,4
5444,12,4
5446,10,9
5448,20,1
5450,5,3
5452,4,8
5454,5,3
5456,11,8
5458,10,6
5460,18,5
5462,7,2
5464,21,9
5466,17,2
5468,12,5
5470,14,7
5472,5,2
5474,10,4
5476,2,7
5478,15,6
5480,12,1
5482,2,1
5484,16,8
5486,15,7
5488,2,4
5490,2,6
5492,13,8
5494,11,4
5496,6,8
5498,16,6
5500,13,8
5502,7,9
5504,6,1
5506,11,8
5508,4,5
5510,15,6
5512,20,1
5514,12,7
5516,18,3
5518,15,8
5520,17,5
5522,4,2
5524,16,6
5526,14,5
5528,4,9
5530,13,4
5532,9,3
5534,11,6
5536,10,2
5538,17,8
5540,17,3
5542,5,7
5544,15,4
5546,3,3
5548,19,5
5550,11,5
5552,20,4
5554,12,1
5556,15,4
5558,10,8
5560,7,2
5562,10,3
5564,9,5
5566,21,4
5568,15,9
5570,12,3
5572,8,1
5574,21,6
5576,5,3
5578,16,6
5580,11,7
5582,12,2
5584,7,5
5586,9,8
5588,10,5
5590,3,3
5592,5,7
5594,16,5
5596,14,1
5598,11,3
5600,2,9
5602,1,8
5604,10,1
5606,7,7
5608,15,7
5610,15,3
5612,14,5
5614,11,7
5616,1,8
5618,2,3
5620,10,8
5622,2,1
5624,16,7
5626,5,3
5628,21,2
5630,7,9
5632,9,3
5634,20,1
5636,7,4
5638,12,4
5640,1,1
5642,13,8
5644,12,6
5646,11,8
5648,17,4
5650,19,7
5652,3,9
5654,11,9
5656,2,5
5658,12,7
5660,9,4
5662,20,6
5664,14,6
5666,12,3
5668,21,2
5670,19,6
5672,18,6
5674,6,6
5676,4,7
5678,5,5
5680,5,9
5682,18,2
5684,3,4
5686,21,5
5688,6,5
5690,13,3
5692,12,7
5694,14,9
5696,15,9
5698,20,8
5700,2,3
5702,13,2
5704,19,1
5706,21,5
5708,8,9
5710,7,9
5712,10,9
5714,20,1
5716,14,3
5718,6,3
5720,2,3
5722,5,5
5724,4,3
5726,2,8
5728,19,9
5730,20,9
5732,9,8
5734,20,6
5736,10,5
5738,5,2
5740,12,2
5742,20,1
5744,5,2
5746,12,3
5748,12,1
5750,6,9
5752,16,3
5754,14,2
5756,11,3
5758,12,2
5760,15,3
5762,2,4
5764,6,9
5766,9,1
5768,12,7
5770,6,5
5772,8,3
5774,20,1
5776,2,5
5778,11,1
5780,12,3
5782,18,5
5784,13,7
5786,4,1
5788,19,5
5790,2,3
5792,10,7
5794,1,8
5796,19,9
5798,15,8
5800,12,1
5802,1,7
5804,16,4
5806,6,6
5808,14,9
5810,14,5
5812,14,2
5814,7,9
5816,2,3
5818,3,8
5820,10,3
5822,6,1
5824,7,5
5826,1,4
5828,1,1
5830,2,1
5832,5,7
5834,13,9
5836,8,8
5838,18,7
5840,20,3
5842,14,4
5844,19,8
5846,4,6
5848,20,4
5850,10,9
5852,18,1
5854,12,4
5856,18,8
5858,5,7
5860,2,5
5862,15,5
5864,9,9
5866,11,7
5868,2,1
5870,9,4
5872,15,8
5874,3,2
5876,11,1
5878,1,4
5880,14,5
5882,9,4
5884,18,8
5886,19,2
5888,12,6
5890,2,6
5892,12,6
5894,13,8
5896,13,8
5898,12,6
5900,16,6
5902,11,6
5904,8,7
5906,6,1
5908,16,4
5910,2,3
5912,17,3
5914,11,7
5916,13,5
5918,15,3
5920,12,4
5922,13,4
5924,14,1
5926,15,5
5928,20,2
5930,5,3
5932,10,6
5934,7,6
5936,14,8
5938,6,8
5940,18,2
5942,20,4
5944,10,8
5946,2,7
5948,14,8
5950,15,6
5952,10,4
5954,15,4
5956,12,1
5958,13,3
5960,11,5
5962,9,9
5964,13,4
5966,11,3
5968,15,4
5970,4,2
5972,11,7
5974,6,3
5976,3,9
5978,13,2
5980,11,2
5982,5,2
5984,18,8
5986,21,4
5988,3,8
5990,19,1
5992,5,2
5994,11,4
5996,8,7
5998,11,3
6000,10,7
